-5.00000000	-0.89176815	-5.20000000	0.00000000	-12.40000000	0.00000000	0.00000000	0.00000000
-4.80000000	-0.89176815	-5.20000000	0.00000000	-12.40000000	0.00000000	0.00000000	0.00000000
-4.60000000	-0.89194414	-5.20000000	0.00000000	-12.40000000	0.00000000	0.00000000	0.00000000
-4.40000000	-0.89212013	-5.20000000	0.00000000	-12.40000000	0.00000000	0.00000000	0.00000000
-4.20000000	-0.89229612	-5.20000000	0.00000000	-12.40000000	0.00000000	0.00000000	0.00000000
-4.00000000	-0.89247210	-5.20000000	0.00000000	-12.40000000	0.00000000	0.00000000	0.00000000
-3.80000000	-0.89264809	-5.20000000	0.00000000	-12.40000000	0.00000000	0.00000000	0.00000000
-3.60000000	-0.89282408	-5.20000000	0.00000000	-12.40000000	0.00000000	0.00000000	0.00000000
-3.40000000	-0.89300006	-5.20000000	0.00000000	-12.40000000	0.00000000	0.00000000	0.00000000
-3.20000000	-0.89317605	-5.20000000	0.00000000	-12.40000000	0.00000000	0.00000000	0.00000000
-3.00000000	-0.89335204	-5.20000000	0.00000000	-12.40000000	0.00000000	0.00000000	0.00000000
-2.80000000	-0.89352803	-5.20000000	0.00000000	-12.40000000	0.00000000	0.00000000	0.00000000
-2.60000000	-0.89370401	-5.20000000	0.00000000	-12.40000000	0.00000000	0.00000000	0.00000000
-2.40000000	-0.89388000	-5.20000000	0.00000000	-12.40000000	0.00000000	0.00000000	0.00000000
-2.20000000	-0.89405599	-5.20000000	0.00000000	-12.40000000	0.00000000	0.00000000	0.00000000
-2.00000000	-0.89423197	-5.20000000	0.00000000	-12.40000000	0.00000000	0.00000000	0.00000000
-1.80000000	-0.89440796	-5.20000000	0.00000000	-12.40000000	0.00000000	0.00000000	0.00000000
-1.60000000	-0.89458395	-5.20000000	0.00000000	-12.40000000	0.00000000	0.00000000	0.00000000
-1.40000000	-0.89475994	-5.20000000	0.00000000	-12.40000000	0.00000000	0.00000000	0.00000000
-1.20000000	-0.89493592	-5.20000000	0.00000000	-12.40000000	0.00000000	0.00000000	0.00000000
-1.00000000	-0.89511191	-5.20000000	0.00000000	-12.40000000	0.00000000	0.00000000	0.00000000
-0.80000000	-0.89528790	-5.20000000	0.00000000	-12.40000000	0.00000000	0.00000000	0.00000000
-0.60000000	-0.89546388	-5.20000000	0.00000000	-12.40000000	0.00000000	0.00000000	0.00000000
-0.40000000	-0.89563987	-5.20000000	0.00000000	-12.40000000	0.00000000	0.00000000	0.00000000
-0.20000000	-0.89581586	-5.20000000	0.00000000	-12.40000000	0.00000000	0.00000000	0.00000000
0.00000000	-0.89599185	-5.20000000	0.00000000	-12.40000000	0.00000000	0.00000000	0.00000000
0.20000000	-0.89616783	-5.20000000	0.00000000	-12.40000000	0.00000000	0.00000000	0.00000000
0.40000000	-0.89634382	-5.20000000	0.00000000	-12.40000000	0.00000000	0.00000000	0.00000000
0.60000000	-0.89651981	-5.20000000	0.00000000	-12.40000000	0.00000000	0.00000000	0.00000000
0.80000000	-0.89669579	-5.20000000	0.00000000	-12.40000000	0.00000000	0.00000000	0.00000000
1.00000000	-0.89687178	-5.20000000	0.00000000	-12.40000000	0.00000000	0.00000000	0.00000000
1.20000000	-0.89704777	-5.20000000	0.00000000	-12.40000000	0.00000000	0.00000000	0.00000000
1.40000000	-0.89704777	-5.20000000	0.00000000	-12.40000000	0.00000000	0.00000000	0.00000000
1.60000000	-0.89661758	-5.20000000	0.00000000	-12.40000000	0.00000000	0.00000000	0.00000000
1.80000000	-0.89616783	-5.20000000	0.00000000	-12.40000000	0.00000000	0.00000000	0.00000000
2.00000000	-0.89571809	-5.20000000	0.00000000	-12.40000000	0.00000000	0.00000000	0.00000000
2.20000000	-0.89526834	-5.20000000	0.00000000	-12.40000000	0.00000000	0.00000000	0.00000000
2.40000000	-0.89481860	-5.20000000	0.00000000	-12.40000000	0.00000000	0.00000000	0.00000000
2.60000000	-0.89436885	-5.20000000	0.00000000	-12.40000000	0.00000000	0.00000000	0.00000000
2.80000000	-0.89391911	-5.20000000	0.00000000	-12.40000000	0.00000000	0.00000000	0.00000000
3.00000000	-0.89346936	-5.20000000	0.00000000	-12.40000000	0.00000000	0.00000000	0.00000000
3.20000000	-0.89301962	-5.20000000	0.00000000	-12.40000000	0.00000000	0.00000000	0.00000000
3.40000000	-0.89256987	-5.20000000	0.00000000	-12.40000000	0.00000000	0.00000000	0.00000000
3.60000000	-0.89212013	-5.20000000	0.00000000	-12.40000000	0.00000000	0.00000000	0.00000000
3.80000000	-0.89167038	-5.20000000	0.00000000	-12.40000000	0.00000000	0.00000000	0.00000000
4.00000000	-0.89122064	-5.20000000	0.00000000	-12.40000000	0.00000000	0.00000000	0.00000000
4.20000000	-0.89077089	-5.20000000	0.00000000	-12.40000000	0.00000000	0.00000000	0.00000000
4.40000000	-0.89032115	-5.20000000	0.00000000	-12.40000000	0.00000000	0.00000000	0.00000000
4.60000000	-0.88987140	-5.20000000	0.00000000	-12.40000000	0.00000000	0.00000000	0.00000000
4.80000000	-0.88942166	-5.20000000	0.00000000	-12.40000000	0.00000000	0.00000000	0.00000000
5.00000000	-0.88897191	-5.20000000	0.00000000	-12.40000000	0.00000000	0.00000000	0.00000000
5.20000000	-0.88852217	-5.20000000	0.00000000	-12.40000000	0.00000000	0.00000000	0.00000000
5.40000000	-0.88807242	-5.20000000	0.00000000	-12.40000000	0.00000000	0.00000000	0.00000000
5.60000000	-0.88762268	-5.20000000	0.00000000	-12.40000000	0.00000000	0.00000000	0.00000000
5.80000000	-0.88717293	-5.20000000	0.00000000	-12.40000000	0.00000000	0.00000000	0.00000000
6.00000000	-0.88672319	-5.20000000	0.00000000	-12.40000000	0.00000000	0.00000000	0.00000000
6.20000000	-0.88627345	-5.20000000	0.00000000	-12.40000000	0.00000000	0.00000000	0.00000000
6.40000000	-0.88582370	-5.20000000	0.00000000	-12.40000000	0.00000000	0.00000000	0.00000000
6.60000000	-0.88537396	-5.20000000	0.00000000	-12.40000000	0.00000000	0.00000000	0.00000000
6.80000000	-0.88492421	-5.20000000	0.00000000	-12.40000000	0.00000000	0.00000000	0.00000000
7.00000000	-0.88447447	-5.20000000	0.00000000	-12.40000000	0.00000000	0.00000000	0.00000000
7.20000000	-0.88402472	-5.20000000	0.00000000	-12.40000000	0.00000000	0.00000000	0.00000000
7.40000000	-0.88357498	-5.20000000	0.00000000	-12.40000000	0.00000000	0.00000000	0.00000000
7.60000000	-0.88309702	-5.20000000	0.00000000	-12.40000000	0.00000000	0.00000000	0.00000000
7.80000000	-0.88244981	-5.20000000	0.00000000	-12.40000000	0.00000000	0.00000000	0.00000000
8.00000000	-0.88177439	-5.20000000	0.00000000	-12.40000000	0.00000000	0.00000000	0.00000000
8.20000000	-0.88109898	-5.20000000	0.00000000	-12.40000000	0.00000000	0.00000000	0.00000000
8.40000000	-0.88042355	-5.20000000	0.00000000	-12.40000000	0.00000000	0.00000000	0.00000000
8.60000000	-0.87974814	-5.20000000	0.00000000	-12.40000000	0.00000000	0.00000000	0.00000000
8.80000000	-0.87907272	-5.20000000	0.00000000	-12.40000000	0.00000000	0.00000000	0.00000000
9.00000000	-0.87839730	-5.20000000	0.00000000	-12.40000000	0.00000000	0.00000000	0.00000000
9.20000000	-0.87772188	-5.20000000	0.00000000	-12.40000000	0.00000000	0.00000000	0.00000000
9.40000000	-0.87704646	-5.20000000	0.00000000	-12.40000000	0.00000000	0.00000000	0.00000000
9.60000000	-0.87637104	-5.20000000	0.00000000	-12.40000000	0.00000000	0.00000000	0.00000000
9.80000000	-0.87569562	-5.20000000	0.00000000	-12.40000000	0.00000000	0.00000000	0.00000000
10.00000000	-0.87502021	-5.20000000	0.00000000	-12.40000000	0.00000000	0.00000000	0.00000000
10.20000000	-0.87434479	-5.20000000	0.00000000	-12.40000000	0.00000000	0.00000000	0.00000000
10.40000000	-0.87366937	-5.20000000	0.00000000	-12.40000000	0.00000000	0.00000000	0.00000000
10.60000000	-0.87299395	-5.20000000	0.00000000	-12.40000000	0.00000000	0.00000000	0.00000000
10.80000000	-0.87231853	-5.20000000	0.00000000	-12.40000000	0.00000000	0.00000000	0.00000000
11.00000000	-0.87164311	-5.20000000	0.00000000	-12.40000000	0.00000000	0.00000000	0.00000000
11.20000000	-0.87096770	-5.20000000	0.00000000	-12.40000000	0.00000000	0.00000000	0.00000000
11.40000000	-0.87029227	-5.20000000	0.00000000	-12.40000000	0.00000000	0.00000000	0.00000000
11.60000000	-0.86961686	-5.20000000	0.00000000	-12.40000000	0.00000000	0.00000000	0.00000000
11.80000000	-0.86894144	-5.20000000	0.00000000	-12.40000000	0.00000000	0.00000000	0.00000000
12.00000000	-0.86826602	-5.20000000	0.00000000	-12.40000000	0.00000000	0.00000000	0.00000000
12.20000000	-0.86759060	-5.20000000	0.00000000	-12.40000000	0.00000000	0.00000000	0.00000000
12.40000000	-0.86691518	-5.20000000	0.00000000	-12.40000000	0.00000000	0.00000000	0.00000000
12.60000000	-0.86623976	-5.20000000	0.00000000	-12.40000000	0.00000000	0.00000000	0.00000000
12.80000000	-0.86556434	-5.20000000	0.00000000	-12.40000000	0.00000000	0.00000000	0.00000000
13.00000000	-0.86488892	-5.20000000	0.00000000	-12.40000000	0.00000000	0.00000000	0.00000000
13.20000000	-0.86421351	-5.20000000	0.00000000	-12.40000000	0.00000000	0.00000000	0.00000000
13.40000000	-0.86353809	-5.20000000	0.00000000	-12.40000000	0.00000000	0.00000000	0.00000000
13.60000000	-0.86286267	-5.20000000	0.00000000	-12.40000000	0.00000000	0.00000000	0.00000000
13.80000000	-0.86329286	-5.20000000	0.00000000	-12.40000000	0.00000000	0.00000000	0.00000000
14.00000000	-0.88804646	-5.20000000	0.00000000	-12.40000000	0.00000000	0.00000000	0.00000000
14.20000000	-0.92275054	-5.20000000	0.00000000	-12.40000000	0.00000000	0.00000000	0.00000000
14.40000000	-0.95745463	-5.20000000	0.00000000	-12.40000000	0.00000000	0.00000000	0.00000000
14.60000000	-0.99215872	-5.20000000	0.00000000	-12.40000000	0.00000000	0.00000000	0.00000000
14.80000000	-1.02686280	-5.20000000	0.00000000	-12.40000000	0.00000000	0.00000000	0.00000000
15.00000000	-1.06156689	-5.20000000	0.00000000	-12.40000000	0.00000000	0.00000000	0.00000000
15.20000000	-1.09627097	-5.20000000	0.00000000	-12.40000000	0.00000000	0.00000000	0.00000000
15.40000000	-1.13097506	-5.20000000	0.00000000	-12.40000000	0.00000000	0.00000000	0.00000000
15.60000000	-1.16567914	-5.20000000	0.00000000	-12.40000000	0.00000000	0.00000000	0.00000000
15.80000000	-1.20038323	-5.20000000	0.00000000	-12.40000000	0.00000000	0.00000000	0.00000000
16.00000000	-1.23508732	-5.20000000	0.00000000	-12.40000000	0.00000000	0.00000000	0.00000000
16.20000000	-1.26979140	-5.20000000	0.00000000	-12.40000000	0.00000000	0.00000000	0.00000000
16.40000000	-1.30449548	-5.20000000	0.00000000	-12.40000000	0.00000000	0.00000000	0.00000000
16.60000000	-1.33919957	-5.20000000	0.00000000	-12.40000000	0.00000000	0.00000000	0.00000000
16.80000000	-1.37390366	-5.20000000	0.00000000	-12.40000000	0.00000000	0.00000000	0.00000000
17.00000000	-1.40860774	-5.20000000	0.00000000	-12.40000000	0.00000000	0.00000000	0.00000000
17.20000000	-1.44331183	-5.20000000	0.00000000	-12.40000000	0.00000000	0.00000000	0.00000000
17.40000000	-1.47801591	-5.20000000	0.00000000	-12.40000000	0.00000000	0.00000000	0.00000000
17.60000000	-1.51272000	-5.20000000	0.00000000	-12.40000000	0.00000000	0.00000000	0.00000000
17.80000000	-1.54742409	-5.20000000	0.00000000	-12.40000000	0.00000000	0.00000000	0.00000000
18.00000000	-1.58212817	-5.20000000	0.00000000	-12.40000000	0.00000000	0.00000000	0.00000000
18.20000000	-1.61683226	-5.20000000	0.00000000	-12.40000000	0.00000000	0.00000000	0.00000000
18.40000000	-1.65153634	-5.20000000	0.00000000	-12.40000000	0.00000000	0.00000000	0.00000000
18.60000000	-1.68624043	-5.20000000	0.00000000	-12.40000000	0.00000000	0.00000000	0.00000000
18.80000000	-1.72094452	-5.20000000	0.00000000	-12.40000000	0.00000000	0.00000000	0.00000000
19.00000000	-1.75564860	-5.20000000	0.00000000	-12.40000000	0.00000000	0.00000000	0.00000000
19.20000000	-1.79035268	-5.20000000	0.00000000	-12.40000000	0.00000000	0.00000000	0.00000000
19.40000000	-1.82505677	-5.20000000	0.00000000	-12.40000000	0.00000000	0.00000000	0.00000000
19.60000000	-1.85976086	-5.20000000	0.00000000	-12.40000000	0.00000000	0.00000000	0.00000000
19.80000000	-1.89446494	-5.20000000	0.00000000	-12.40000000	0.00000000	0.00000000	0.00000000
20.00000000	-1.92916903	-5.20000000	0.00000000	-12.40000000	0.00000000	0.00000000	0.00000000