-5.00000000	-0.01892951	0.00000000	0.16226729	0.00000000	0.03800000	0.00000000
-4.80000000	-0.01829074	0.00000000	0.17109891	0.00000000	0.03488737	0.00000000
-4.60000000	-0.01815766	0.00000000	0.17477165	0.00000000	0.03177413	0.00000000
-4.40000000	-0.01847620	0.00000000	0.17328064	0.00000000	0.02866027	0.00000000
-4.20000000	-0.01919227	0.00000000	0.16662138	0.00000000	0.02554580	0.00000000
-4.00000000	-0.02025175	0.00000000	0.15478975	0.00000000	0.02243071	0.00000000
-3.80000000	-0.02150074	0.00000000	0.13940595	0.00000000	0.01931501	0.00000000
-3.60000000	-0.02270249	0.00000000	0.12391421	0.00000000	0.01619870	0.00000000
-3.40000000	-0.02384978	0.00000000	0.10842695	0.00000000	0.01308177	0.00000000
-3.20000000	-0.02494271	0.00000000	0.09294419	0.00000000	0.00996423	0.00000000
-3.00000000	-0.02598135	0.00000000	0.07746592	0.00000000	0.00684607	0.00000000
-2.80000000	-0.02696020	0.00000000	0.06199055	0.00000000	0.00372730	0.00000000
-2.60000000	-0.02785488	0.00000000	0.04651119	0.00000000	0.00060791	0.00000000
-2.40000000	-0.02866252	0.00000000	0.03102734	0.00000000	-0.00251209	0.00000000
-2.20000000	-0.02938311	0.00000000	0.01553936	0.00000000	-0.00563270	0.00000000
-2.00000000	-0.03001662	0.00000000	0.00004759	0.00000000	-0.00875393	0.00000000
-1.80000000	-0.03056658	0.00000000	-0.01544750	0.00000000	-0.01187577	0.00000000
-1.60000000	-0.03106968	0.00000000	-0.03094454	0.00000000	-0.01499823	0.00000000
-1.40000000	-0.03153572	0.00000000	-0.04644338	0.00000000	-0.01812130	0.00000000
-1.20000000	-0.03196468	0.00000000	-0.06194417	0.00000000	-0.02124499	0.00000000
-1.00000000	-0.03235657	0.00000000	-0.07744710	0.00000000	-0.02436929	0.00000000
-0.80000000	-0.03271015	0.00000000	-0.09295236	0.00000000	-0.02749420	0.00000000
-0.60000000	-0.03296953	0.00000000	-0.10846070	0.00000000	-0.03061973	0.00000000
-0.40000000	-0.03310431	0.00000000	-0.12397191	0.00000000	-0.03374587	0.00000000
-0.20000000	-0.03311447	0.00000000	-0.13948526	0.00000000	-0.03687263	0.00000000
0.00000000	-0.03300000	0.00000000	-0.15500000	0.00000000	-0.04000000	0.00000000
0.20000000	-0.03276089	0.00000000	-0.17051540	0.00000000	-0.04312799	0.00000000
0.40000000	-0.03241986	0.00000000	-0.18603086	0.00000000	-0.04625659	0.00000000
0.60000000	-0.03200364	0.00000000	-0.20154619	0.00000000	-0.04938580	0.00000000
0.80000000	-0.03151225	0.00000000	-0.21706114	0.00000000	-0.05251563	0.00000000
1.00000000	-0.03094571	0.00000000	-0.23257550	0.00000000	-0.05564607	0.00000000
1.20000000	-0.03030400	0.00000000	-0.24808905	0.00000000	-0.05877713	0.00000000
1.40000000	-0.02959543	0.00000000	-0.26360177	0.00000000	-0.06190818	0.00000000
1.60000000	-0.02884027	0.00000000	-0.27911409	0.00000000	-0.06503774	0.00000000
1.80000000	-0.02803943	0.00000000	-0.29462612	0.00000000	-0.06816572	0.00000000
2.00000000	-0.02719291	0.00000000	-0.31013795	0.00000000	-0.07129214	0.00000000
2.20000000	-0.02630068	0.00000000	-0.32564966	0.00000000	-0.07441699	0.00000000
2.40000000	-0.02535024	0.00000000	-0.34116081	0.00000000	-0.07754026	0.00000000
2.60000000	-0.02427790	0.00000000	-0.35666848	0.00000000	-0.08066197	0.00000000
2.80000000	-0.02307473	0.00000000	-0.37217152	0.00000000	-0.08378210	0.00000000
3.00000000	-0.02174076	0.00000000	-0.38766911	0.00000000	-0.08690067	0.00000000
3.20000000	-0.02027602	0.00000000	-0.40316046	0.00000000	-0.09001767	0.00000000
3.40000000	-0.01868536	0.00000000	-0.41864505	0.00000000	-0.09313310	0.00000000
3.60000000	-0.01703130	0.00000000	-0.43412605	0.00000000	-0.09624695	0.00000000
3.80000000	-0.01533309	0.00000000	-0.44960465	0.00000000	-0.09935924	0.00000000
4.00000000	-0.01359070	0.00000000	-0.46508095	0.00000000	-0.10246996	0.00000000
4.20000000	-0.01180411	0.00000000	-0.48055505	0.00000000	-0.10557911	0.00000000
4.40000000	-0.00997254	0.00000000	-0.49602700	0.00000000	-0.10868668	0.00000000
4.60000000	-0.00803684	0.00000000	-0.51149212	0.00000000	-0.11179269	0.00000000
4.80000000	-0.00595992	0.00000000	-0.52694679	0.00000000	-0.11489713	0.00000000
5.00000000	-0.00374183	0.00000000	-0.54239008	0.00000000	-0.11800000	0.00000000
5.20000000	-0.00138264	0.00000000	-0.55782108	0.00000000	-0.12110130	0.00000000
5.40000000	0.00111758	0.00000000	-0.57323888	0.00000000	-0.12420103	0.00000000
5.60000000	0.00369324	0.00000000	-0.58864899	0.00000000	-0.12729919	0.00000000
5.80000000	0.00625448	0.00000000	-0.60406031	0.00000000	-0.13039578	0.00000000
6.00000000	0.00880084	0.00000000	-0.61947360	0.00000000	-0.13349080	0.00000000
6.20000000	0.01133240	0.00000000	-0.63488960	0.00000000	-0.13658425	0.00000000
6.40000000	0.01384928	0.00000000	-0.65030901	0.00000000	-0.13967613	0.00000000
6.60000000	0.01640183	0.00000000	-0.66572675	0.00000000	-0.14276644	0.00000000
6.80000000	0.01913158	0.00000000	-0.68112612	0.00000000	-0.14585518	0.00000000
7.00000000	0.02204692	0.00000000	-0.69650480	0.00000000	-0.14894235	0.00000000
7.20000000	0.02514770	0.00000000	-0.71186140	0.00000000	-0.15202795	0.00000000
7.40000000	0.02843376	0.00000000	-0.72719454	0.00000000	-0.15511198	0.00000000
7.60000000	0.03188782	0.00000000	-0.74250514	0.00000000	-0.15819435	0.00000000
7.80000000	0.03540693	0.00000000	-0.75780607	0.00000000	-0.16127445	0.00000000
8.00000000	0.03897396	0.00000000	-0.77309962	0.00000000	-0.16435220	0.00000000
8.20000000	0.04258895	0.00000000	-0.78838586	0.00000000	-0.16742758	0.00000000
8.40000000	0.04625191	0.00000000	-0.80366483	0.00000000	-0.17050062	0.00000000
8.60000000	0.04996390	0.00000000	-0.81893644	0.00000000	-0.17357129	0.00000000
8.80000000	0.05374195	0.00000000	-0.83419810	0.00000000	-0.17663961	0.00000000
9.00000000	0.05759211	0.00000000	-0.84944873	0.00000000	-0.17970557	0.00000000
9.20000000	0.06151437	0.00000000	-0.86468814	0.00000000	-0.18276917	0.00000000
9.40000000	0.06550871	0.00000000	-0.87991612	0.00000000	-0.18583041	0.00000000
9.60000000	0.06957509	0.00000000	-0.89513249	0.00000000	-0.18888930	0.00000000
9.80000000	0.07370727	0.00000000	-0.91033810	0.00000000	-0.19194583	0.00000000
10.00000000	0.07790071	0.00000000	-0.92553362	0.00000000	-0.19500000	0.00000000
10.20000000	0.08215544	0.00000000	-0.94071895	0.00000000	-0.19805181	0.00000000
10.40000000	0.08647145	0.00000000	-0.95589401	0.00000000	-0.20110127	0.00000000
10.60000000	0.09084876	0.00000000	-0.97105873	0.00000000	-0.20414837	0.00000000
10.80000000	0.09531178	0.00000000	-0.98620850	0.00000000	-0.20719311	0.00000000
11.00000000	0.09989929	0.00000000	-1.00133567	0.00000000	-0.21023550	0.00000000
11.20000000	0.10461167	0.00000000	-1.01643942	0.00000000	-0.21327552	0.00000000
11.40000000	0.10944881	0.00000000	-1.03151898	0.00000000	-0.21631319	0.00000000
11.60000000	0.11441058	0.00000000	-1.04657360	0.00000000	-0.21934850	0.00000000
11.80000000	0.11947415	0.00000000	-1.06160618	0.00000000	-0.22238146	0.00000000
12.00000000	0.12456566	0.00000000	-1.07662825	0.00000000	-0.22541206	0.00000000
12.20000000	0.12967948	0.00000000	-1.09164104	0.00000000	-0.22844030	0.00000000
12.40000000	0.13481565	0.00000000	-1.10664486	0.00000000	-0.23146618	0.00000000
12.60000000	0.13997423	0.00000000	-1.12164003	0.00000000	-0.23448970	0.00000000
12.80000000	0.14521011	0.00000000	-1.13662317	0.00000000	-0.23751087	0.00000000
13.00000000	0.15091397	0.00000000	-1.15156631	0.00000000	-0.24052968	0.00000000
13.20000000	0.15716212	0.00000000	-1.16645942	0.00000000	-0.24354613	0.00000000
13.40000000	0.16395417	0.00000000	-1.18129734	0.00000000	-0.24656022	0.00000000
13.60000000	0.17128972	0.00000000	-1.19607493	0.00000000	-0.24957196	0.00000000
13.80000000	0.17913314	0.00000000	-1.21073761	0.00000000	-0.25258520	0.00000000
14.00000000	0.18670569	0.00000000	-1.22419565	0.00000000	-0.25568484	0.00000000
14.20000000	0.19367525	0.00000000	-1.23600972	0.00000000	-0.25890561	0.00000000
14.40000000	0.20002486	0.00000000	-1.24618665	0.00000000	-0.26224751	0.00000000
14.60000000	0.20573758	0.00000000	-1.25473342	0.00000000	-0.26571054	0.00000000
14.80000000	0.21079683	0.00000000	-1.26165787	0.00000000	-0.26929471	0.00000000
15.00000000	0.21537728	0.00000000	-1.26744334	0.00000000	-0.27300000	0.00000000
15.20000000	0.21963138	0.00000000	-1.27249951	0.00000000	-0.27682643	0.00000000
15.40000000	0.22355161	0.00000000	-1.27683004	0.00000000	-0.28077398	0.00000000
15.60000000	0.22713050	0.00000000	-1.28043861	0.00000000	-0.28484267	0.00000000
15.80000000	0.23036056	0.00000000	-1.28332900	0.00000000	-0.28903249	0.00000000
16.00000000	0.23336454	0.00000000	-1.28547306	0.00000000	-0.29334344	0.00000000
16.20000000	0.23637398	0.00000000	-1.28681368	0.00000000	-0.29777552	0.00000000
16.40000000	0.23938572	0.00000000	-1.28734960	0.00000000	-0.30232874	0.00000000
16.60000000	0.24239139	0.00000000	-1.28708086	0.00000000	-0.30700308	0.00000000
16.80000000	0.24538262	0.00000000	-1.28600757	0.00000000	-0.31179855	0.00000000
17.00000000	0.24811316	0.00000000	-1.28354348	0.00000000	-0.31671516	0.00000000
17.20000000	0.24966636	0.00000000	-1.27748952	0.00000000	-0.32175290	0.00000000
17.40000000	0.24991760	0.00000000	-1.26764749	0.00000000	-0.32691177	0.00000000
17.60000000	0.24882722	0.00000000	-1.25403089	0.00000000	-0.33219177	0.00000000
17.80000000	0.24635568	0.00000000	-1.23665349	0.00000000	-0.33759290	0.00000000
18.00000000	0.24218771	0.00000000	-1.21460698	0.00000000	-0.34311516	0.00000000
18.20000000	0.23388576	0.00000000	-1.18002146	0.00000000	-0.34875855	0.00000000
18.40000000	0.22076519	0.00000000	-1.13113564	0.00000000	-0.35452308	0.00000000
18.60000000	0.20267597	0.00000000	-1.06799900	0.00000000	-0.36040874	0.00000000
18.80000000	0.17946842	0.00000000	-0.99066205	0.00000000	-0.36641552	0.00000000
19.00000000	0.15118355	0.00000000	-0.89980194	0.00000000	-0.37254344	0.00000000
19.20000000	0.12357750	0.00000000	-0.81461670	0.00000000	-0.37879249	0.00000000
19.40000000	0.09951996	0.00000000	-0.74410984	0.00000000	-0.38516267	0.00000000
19.60000000	0.07916352	0.00000000	-0.68824083	0.00000000	-0.39165398	0.00000000
19.80000000	0.06266047	0.00000000	-0.64696806	0.00000000	-0.39826643	0.00000000
20.00000000	0.05016280	0.00000000	-0.62024890	0.00000000	-0.40500000	0.00000000